35.872181 -66.640327 75.448418 0.977537 0.020555 -0.174523 0.116362
36.010712 -67.276077 75.447296 0.974809 0.024099 -0.174362 0.136983
36.086037 -67.589020 75.447525 0.973228 0.026178 -0.174599 0.147165
36.255413 -68.211937 75.451500 0.969793 0.029642 -0.174719 0.167619
36.350994 -68.521759 75.454796 0.967926 0.031621 -0.174698 0.177764
36.562500 -69.124779 75.462486 0.964049 0.034972 -0.173990 0.197770
36.680183 -69.423790 75.466568 0.961990 0.036834 -0.173356 0.207763
36.936390 -70.016808 75.473961 0.957581 0.040040 -0.171602 0.228010
37.073204 -70.311852 75.475494 0.955074 0.041794 -0.171456 0.238095
37.360096 -70.887955 75.474602 0.949958 0.045781 -0.170517 0.257697
37.515133 -71.178650 75.472939 0.947105 0.047415 -0.170337 0.267823
37.841824 -71.748436 75.468018 0.941172 0.050944 -0.169287 0.287997
38.013222 -72.027473 75.464348 0.938084 0.052916 -0.168548 0.297978
38.367680 -72.570488 75.457184 0.931618 0.056714 -0.167283 0.317628
38.553547 -72.839050 75.454712 0.928095 0.058508 -0.167189 0.327512
