27.584833 -6.593352 75.157745 0.343925 0.202404 -0.076807 0.913701
27.807314 -6.353631 75.156769 0.318121 0.205141 -0.071195 0.922847
28.016710 -6.099688 75.156563 0.291733 0.207256 -0.065568 0.931471
28.210066 -5.833979 75.156563 0.265040 0.208980 -0.059872 0.939413
28.385506 -5.559503 75.156563 0.238511 0.210164 -0.053808 0.946598
28.546421 -5.272666 75.157104 0.211586 0.211342 -0.047712 0.953042
28.687199 -4.985625 75.158188 0.185281 0.212689 -0.041861 0.958479
28.766323 -4.804264 75.159416 0.168973 0.213485 -0.038260 0.961462
28.833714 -4.634574 75.160797 0.153895 0.214094 -0.034958 0.963980
28.901480 -4.445531 75.162300 0.137275 0.214707 -0.031269 0.966477
28.961575 -4.257149 75.164131 0.120856 0.215085 -0.027680 0.968693
29.015900 -4.063817 75.166145 0.104124 0.215394 -0.024021 0.970663
29.063541 -3.868617 75.168419 0.087335 0.215716 -0.020287 0.972331
29.104462 -3.671841 75.170944 0.070418 0.215918 -0.016767 0.973725
29.138779 -3.473471 75.173454 0.053512 0.216290 -0.013035 0.974774
29.165207 -3.282850 75.175865 0.037405 0.216562 -0.009343 0.975507
29.185036 -3.094348 75.178223 0.021552 0.216674 -0.005732 0.975989
29.199375 -2.892999 75.180710 0.004662 0.216474 -0.001966 0.976275
29.207146 -2.685050 75.182770 0.012747 -0.216413 -0.001923 -0.976217
29.207952 -2.489135 75.184235 0.029148 -0.216340 -0.005461 -0.975868
29.202148 -2.287026 75.185295 0.046063 -0.216104 -0.009131 -0.975241
29.189543 -2.081878 75.186081 0.063173 -0.216079 -0.013184 -0.974241
29.172758 -1.901672 75.186539 0.078267 -0.216143 -0.016713 -0.973076
29.146494 -1.694950 75.187057 0.095733 -0.215913 -0.020612 -0.971490
29.112846 -1.489490 75.187569 0.113199 -0.215743 -0.024446 -0.969558
29.076845 -1.309359 75.188026 0.128510 -0.215404 -0.028126 -0.967623
29.029690 -1.110098 75.188530 0.145598 -0.214840 -0.031923 -0.965208
28.974445 -0.910079 75.188576 0.162857 -0.214225 -0.035736 -0.962449
28.918613 -0.732714 75.188576 0.178229 -0.213607 -0.039223 -0.959723
28.850569 -0.540516 75.188141 0.195080 -0.212843 -0.042760 -0.956459
28.775570 -0.351054 75.187622 0.211844 -0.211943 -0.046355 -0.952918
28.701403 -0.181041 75.187164 0.227058 -0.211044 -0.049582 -0.949445
28.613644 0.002938 75.186646 0.243656 -0.210058 -0.053280 -0.945340
28.523821 0.175704 75.185944 0.259477 -0.209033 -0.056580 -0.941156
28.429752 0.342924 75.184990 0.274977 -0.207759 -0.059800 -0.936829
28.323936 0.517785 75.183968 0.291295 -0.206548 -0.063495 -0.931909
28.212372 0.689249 75.182945 0.307566 -0.205256 -0.066989 -0.926707
28.097136 0.854809 75.181900 0.323501 -0.204215 -0.070485 -0.921236
27.987650 1.002271 75.180527 0.337894 -0.202934 -0.073843 -0.916075
27.864355 1.158494 75.179039 0.353433 -0.201736 -0.077394 -0.910164
27.734232 1.313084 75.177032 0.369164 -0.200501 -0.080885 -0.903867
27.599169 1.463392 75.175011 0.384800 -0.199244 -0.084296 -0.897287
27.461229 1.607117 75.173027 0.400020 -0.197675 -0.087965 -0.890602
27.318815 1.746167 75.171051 0.415157 -0.196042 -0.091433 -0.883658
27.169922 1.882429 75.169029 0.430410 -0.194482 -0.094938 -0.876305
27.019194 2.011557 75.167442 0.445280 -0.192907 -0.098509 -0.868797
26.864679 2.135267 75.166168 0.460077 -0.191389 -0.101840 -0.861004
26.706451 2.253287 75.165176 0.474819 -0.189883 -0.104776 -0.852944
26.544281 2.365689 75.164474 0.489357 -0.188060 -0.107924 -0.844698
26.378384 2.472395 75.163879 0.503677 -0.186125 -0.111148 -0.836249
26.209063 2.573315 75.162888 0.517770 -0.184464 -0.114449 -0.827519
26.049767 2.660937 75.161972 0.530660 -0.182644 -0.117214 -0.819331
25.871384 2.751241 75.160461 0.544606 -0.180617 -0.120326 -0.810126
25.692623 2.833767 75.158493 0.558165 -0.178163 -0.123285 -0.800943
25.502987 2.913530 75.156418 0.572146 -0.176022 -0.126324 -0.791017
25.330692 2.979216 75.154556 0.584588 -0.174070 -0.128715 -0.781914
25.144714 3.043357 75.152672 0.597588 -0.171971 -0.131654 -0.771999
24.956512 3.101259 75.151184 0.610405 -0.169797 -0.134616 -0.761875
24.769251 3.151963 75.150024 0.622885 -0.167401 -0.137421 -0.751736
24.583368 3.195827 75.149063 0.635022 -0.165208 -0.140110 -0.741500
24.390104 3.234680 75.148087 0.647383 -0.162876 -0.142780 -0.730740
24.192408 3.267493 75.147583 0.659678 -0.160299 -0.145778 -0.719638
23.999807 3.292708 75.147095 0.671517 -0.157642 -0.148240 -0.708688
23.782400 3.313668 75.146095 0.684602 -0.154889 -0.151003 -0.696081
23.591644 3.325580 75.145126 0.695866 -0.152530 -0.153347 -0.684828
23.397360 3.331510 75.144157 0.707088 -0.149885 -0.155813 -0.673263
23.202829 3.331293 75.143181 0.718085 -0.147234 -0.158267 -0.661534
23.005266 3.324845 75.142189 0.728998 -0.144569 -0.160887 -0.649444
22.808012 3.312009 75.141441 0.739682 -0.141794 -0.163589 -0.637185
22.614573 3.293054 75.141228 0.750034 -0.139216 -0.166113 -0.624879
22.419128 3.267206 75.141228 0.760352 -0.136568 -0.168654 -0.612185
22.222036 3.233959 75.141220 0.770630 -0.133776 -0.171056 -0.599144
22.029535 3.194319 75.141220 0.780523 -0.131172 -0.173383 -0.586103
21.838787 3.147573 75.141220 0.790213 -0.128430 -0.175505 -0.572946
21.641211 3.091013 75.141548 0.800122 -0.125201 -0.177536 -0.559116
21.457371 3.030959 75.142036 0.809224 -0.122346 -0.179234 -0.545952
21.292431 2.970963 75.142868 0.817211 -0.119610 -0.180934 -0.533968
21.106907 2.896370 75.144127 0.826073 -0.116359 -0.182778 -0.520246
20.923889 2.815380 75.145836 0.834680 -0.113264 -0.184599 -0.506363
20.743515 2.728116 75.147995 0.843028 -0.110148 -0.186507 -0.492328
20.566088 2.634585 75.150505 0.851209 -0.106823 -0.188114 -0.478169
20.410053 2.545960 75.152763 0.858354 -0.103780 -0.189494 -0.465350
20.238512 2.441625 75.155281 0.866119 -0.100736 -0.191041 -0.450769
20.067566 2.330024 75.157593 0.873761 -0.097425 -0.192598 -0.435839
19.897459 2.211081 75.159508 0.881251 -0.093786 -0.194190 -0.420585
19.750408 2.101727 75.160881 0.887612 -0.090683 -0.195681 -0.406978
19.587458 1.972985 75.161987 0.894551 -0.087351 -0.197411 -0.391379
19.435621 1.845059 75.162979 0.900950 -0.084032 -0.198920 -0.376376
19.301210 1.724894 75.163879 0.906472 -0.080695 -0.200556 -0.362730
19.148935 1.579859 75.165161 0.912778 -0.077218 -0.201937 -0.346548
19.012350 1.441050 75.166618 0.918335 -0.074013 -0.203368 -0.331398
18.890612 1.309376 75.167969 0.923253 -0.070856 -0.204596 -0.317371
18.753597 1.151145 75.169548 0.928708 -0.067366 -0.206047 -0.300846
18.635654 1.005036 75.170967 0.933358 -0.064235 -0.207242 -0.285950
18.510387 0.838029 75.172966 0.938262 -0.060524 -0.208391 -0.269395
18.405064 0.686794 75.174835 0.942327 -0.057393 -0.209375 -0.254730
18.292225 0.511683 75.176933 0.946650 -0.053685 -0.210352 -0.238168
18.195185 0.348309 75.178864 0.950343 -0.050376 -0.211109 -0.223034
18.108063 0.189759 75.180695 0.953605 -0.047236 -0.211880 -0.208600
18.013201 0.001253 75.182701 0.957229 -0.043498 -0.212264 -0.191742
17.937405 -0.163068 75.184074 0.960046 -0.040343 -0.212762 -0.177249
17.856497 -0.355009 75.185471 0.962977 -0.036551 -0.213456 -0.160546
17.791779 -0.524237 75.186378 0.965326 -0.033318 -0.213857 -0.145950
17.724689 -0.718460 75.187424 0.967717 -0.029598 -0.214284 -0.129345
17.668465 -0.900439 75.188164 0.969651 -0.026221 -0.214747 -0.113897
17.614300 -1.098909 75.188690 0.971496 -0.022491 -0.215041 -0.097193
17.572662 -1.272617 75.189133 0.972807 -0.019190 -0.215507 -0.082671
17.533968 -1.459371 75.189499 0.974006 -0.015871 -0.215775 -0.067091
17.501242 -1.647479 75.189445 0.974985 -0.012213 -0.215864 -0.051562
17.472481 -1.851516 75.188927 0.975707 -0.008430 -0.216142 -0.034739
17.451265 -2.050297 75.188416 0.976154 -0.004816 -0.216249 -0.018366
17.437731 -2.231474 75.187965 0.976352 -0.001548 -0.216153 -0.003467
17.428852 -2.437182 75.187447 0.976279 0.002275 -0.216087 0.013406
17.426779 -2.642910 75.186928 0.975878 0.005860 -0.216125 0.030289
17.430559 -2.821411 75.186386 0.975274 0.009101 -0.216206 0.044869
17.441332 -3.023885 75.185364 0.974303 0.012908 -0.216338 0.061366
17.457043 -3.204659 75.184387 0.973212 0.016227 -0.216337 0.076115
17.481453 -3.405649 75.182846 0.971702 0.019788 -0.216410 0.092577
17.514002 -3.608536 75.180786 0.969937 0.023491 -0.216187 0.109244
17.549938 -3.789323 75.178543 0.968144 0.026698 -0.215766 0.124213
17.597395 -3.989411 75.175743 0.965876 0.030347 -0.215226 0.140857
17.647400 -4.170339 75.172905 0.963572 0.033722 -0.214602 0.156004
17.703705 -4.349631 75.170074 0.961041 0.037125 -0.213874 0.171114
17.772478 -4.544201 75.166954 0.957982 0.041063 -0.213054 0.187597
17.842510 -4.722047 75.164078 0.954882 0.044389 -0.212281 0.202894
17.917274 -4.894735 75.161232 0.951601 0.047771 -0.211401 0.217906
18.009789 -5.089368 75.158516 0.947597 0.051561 -0.210061 0.235108
18.096100 -5.256529 75.156342 0.943773 0.054805 -0.209147 0.250093
18.187498 -5.420982 75.154457 0.939719 0.058090 -0.208136 0.265016
18.285414 -5.585162 75.153015 0.935362 0.061386 -0.207002 0.280142
18.399870 -5.764043 75.151810 0.930177 0.064982 -0.205948 0.296871
18.506250 -5.919257 75.150887 0.925357 0.068285 -0.204841 0.311595
18.620779 -6.076069 75.150398 0.920121 0.071429 -0.203747 0.326745
18.749603 -6.241320 75.149864 0.914138 0.075006 -0.202808 0.342920
18.868355 -6.383781 75.149826 0.908720 0.078086 -0.201473 0.357126
18.993423 -6.525140 75.149971 0.902933 0.081402 -0.200336 0.371419
19.137791 -6.677954 75.150505 0.896272 0.085016 -0.198785 0.387239
19.269667 -6.808904 75.151344 0.890117 0.088010 -0.197524 0.401162
19.410091 -6.940016 75.152336 0.883574 0.091263 -0.195929 0.415428
19.573019 -7.082568 75.153961 0.875835 0.094868 -0.194398 0.431420
19.707384 -7.192810 75.155502 0.869388 0.097787 -0.193200 0.444159
19.874338 -7.320910 75.157814 0.861400 0.101267 -0.191313 0.459494
20.035557 -7.436168 75.160416 0.853584 0.104628 -0.189588 0.473818
20.202906 -7.547558 75.163437 0.845358 0.108024 -0.187900 0.488256
20.363291 -7.646680 75.166626 0.837403 0.110932 -0.186219 0.501769
20.526657 -7.740518 75.169937 0.829173 0.114085 -0.184726 0.515105
20.711958 -7.838197 75.173630 0.819836 0.117295 -0.182712 0.529837
20.881464 -7.919862 75.176598 0.811278 0.120195 -0.180697 0.542890
21.050703 -7.994573 75.179329 0.802640 0.123006 -0.178820 0.555573
21.244925 -8.072219 75.181885 0.792650 0.126050 -0.176657 0.569745
21.419008 -8.134761 75.183746 0.783660 0.128806 -0.174570 0.582075
21.615349 -8.197711 75.185455 0.773397 0.131907 -0.172419 0.595592
21.796278 -8.248679 75.186867 0.763866 0.134612 -0.170391 0.607747
21.996637 -8.297400 75.188423 0.753224 0.137315 -0.167977 0.620952
22.177961 -8.334850 75.189819 0.743480 0.139813 -0.165721 0.632634
22.378635 -8.369235 75.191353 0.732566 0.142657 -0.163147 0.645275
22.580502 -8.396538 75.192886 0.721404 0.145225 -0.160545 0.657808
22.759123 -8.414862 75.194244 0.711382 0.147486 -0.158164 0.668706
22.947495 -8.428512 75.195610 0.700609 0.149917 -0.155723 0.680017
23.148613 -8.436756 75.196617 0.688931 0.152559 -0.152964 0.691883
23.328671 -8.438740 75.197517 0.678290 0.155085 -0.150484 0.702301
23.526791 -8.434967 75.198509 0.666304 0.157569 -0.148019 0.713654
23.730799 -8.424420 75.199318 0.653775 0.160064 -0.145261 0.725160
23.916193 -8.409083 75.199776 0.642140 0.162623 -0.142859 0.735392
24.119120 -8.385633 75.200294 0.629188 0.165339 -0.140078 0.746434
24.299870 -8.358675 75.200745 0.617391 0.167542 -0.137808 0.756153
24.503649 -8.321093 75.201263 0.603894 0.170069 -0.135009 0.766916
24.688236 -8.280176 75.201744 0.591504 0.172256 -0.132132 0.776526
24.891899 -8.227391 75.201767 0.577473 0.174659 -0.129187 0.786975
25.073198 -8.173295 75.201767 0.564774 0.176831 -0.126245 0.796130
25.562338 -7.992442 75.199753 0.529004 0.182053 -0.118048 0.820412
25.856318 -7.858129 75.197571 0.506224 0.185026 -0.112827 0.834729
26.147638 -7.704870 75.194878 0.482574 0.187818 -0.107452 0.848705
