11.815037 -33.105232 76.281898 0.746111 0.003296 -0.004148 0.665801
13.024166 -33.237366 76.275719 0.704159 0.002816 -0.003879 0.710026
14.181564 -33.232212 76.269684 0.661964 0.003654 -0.003957 0.749516
15.373932 -33.077435 76.257072 0.615622 0.003683 -0.004184 0.788022
16.485172 -32.794991 76.249252 0.569657 0.002709 -0.002749 0.821874
17.627985 -32.385918 76.238960 0.518884 0.003512 -0.003038 0.854832
18.692366 -31.866869 76.233215 0.467437 0.005033 -0.003478 0.884005
19.670361 -31.219404 76.231117 0.414984 0.004360 -0.002941 0.909814
20.457785 -30.562544 76.232750 0.368459 0.003396 -0.002183 0.929635
21.256620 -29.760658 76.238899 0.315728 0.004451 -0.002377 0.948836
22.023117 -28.796761 76.255951 0.257027 0.005061 -0.002268 0.966388
22.621511 -27.817131 76.265541 0.201954 0.004522 -0.001857 0.979383
23.112772 -26.756500 76.271461 0.145272 0.004668 -0.001518 0.989380
