13.120332 -1.617147 -11.013655 0.106016 0.226089 -0.025677 0.967980
13.185165 -1.284013 -11.016158 0.042608 0.227824 -0.010777 0.972710
13.205181 -0.942923 -11.019199 0.021452 -0.228157 -0.003860 -0.973380
13.178751 -0.599046 -11.022393 0.085593 -0.227292 -0.019014 -0.969871
13.109511 -0.273548 -11.026325 0.146911 -0.225968 -0.033438 -0.962412
13.090333 -0.209083 -11.027275 0.159201 -0.225566 -0.036405 -0.960443
13.011999 0.006317 -11.030663 0.200929 -0.223652 -0.046307 -0.952608
12.934028 0.175627 -11.033401 0.234640 -0.221780 -0.054082 -0.944898
12.834205 0.354503 -11.036033 0.271340 -0.219308 -0.062374 -0.935087
12.722051 0.522794 -11.037951 0.306992 -0.216704 -0.070819 -0.924002
12.594831 0.684414 -11.039133 0.342736 -0.213482 -0.079300 -0.911410
12.455179 0.835704 -11.039665 0.378057 -0.209790 -0.087532 -0.897440
12.306643 0.973903 -11.039845 0.412390 -0.205948 -0.095367 -0.882284
12.145741 1.102625 -11.039905 0.446697 -0.201805 -0.103166 -0.865502
11.975652 1.219212 -11.039929 0.480334 -0.197357 -0.111099 -0.847341
11.800374 1.321573 -11.039931 0.512804 -0.193003 -0.118812 -0.828049
11.615583 1.412048 -11.039980 0.545067 -0.188502 -0.126386 -0.807091
11.424661 1.488288 -11.040027 0.576487 -0.183550 -0.133914 -0.784881
11.231716 1.548823 -11.040092 0.606571 -0.178387 -0.141066 -0.761807
11.032022 1.594966 -11.040136 0.636156 -0.172836 -0.148043 -0.737236
10.829634 1.625332 -11.040083 0.664717 -0.167026 -0.154720 -0.711559
10.628706 1.639629 -11.040035 0.691725 -0.161143 -0.161243 -0.685237
10.424337 1.637920 -11.040084 0.717981 -0.154783 -0.167663 -0.657598
10.220999 1.619712 -11.040150 0.743092 -0.148181 -0.173694 -0.629037
10.022975 1.585686 -11.040195 0.766685 -0.141449 -0.179306 -0.600029
9.825520 1.535040 -11.040121 0.789413 -0.134520 -0.184836 -0.569708
9.618813 1.462620 -11.039904 0.812510 -0.126706 -0.190259 -0.536261
9.432904 1.378924 -11.039530 0.832759 -0.119168 -0.194737 -0.504370
9.259428 1.283405 -11.039044 0.851171 -0.111613 -0.198858 -0.472765
9.091258 1.172781 -11.038500 0.868642 -0.103992 -0.202634 -0.439983
8.929476 1.047164 -11.037933 0.885059 -0.095985 -0.206300 -0.406075
8.777655 0.908976 -11.037436 0.900235 -0.087733 -0.209310 -0.371577
8.638281 0.761721 -11.037096 0.913792 -0.079419 -0.212376 -0.337007
8.507998 0.602015 -11.036839 0.926177 -0.071038 -0.215337 -0.301297
8.389851 0.432923 -11.036582 0.937219 -0.062541 -0.217916 -0.264994
8.285987 0.258173 -11.036283 0.946745 -0.054019 -0.220129 -0.228691
8.193778 0.073535 -11.036059 0.954918 -0.045083 -0.222453 -0.191345
8.115848 -0.117152 -11.035962 0.961653 -0.036189 -0.224395 -0.153493
8.053752 -0.309757 -11.035926 0.966864 -0.027655 -0.225848 -0.115770
8.006028 -0.509264 -11.035936 0.970612 -0.018712 -0.227142 -0.077257
7.974400 -0.711585 -11.036037 0.972897 -0.009729 -0.227777 -0.038664
7.959102 -0.912379 -11.036194 0.973606 -0.000940 -0.228232 -0.000697
7.960046 -1.116500 -11.036445 0.972877 0.007672 -0.228101 0.037707
7.977590 -1.320105 -11.036722 0.970711 0.016845 -0.227376 0.075741
8.014426 -1.536504 -11.037049 0.966650 0.026536 -0.226604 0.116335
8.065372 -1.734108 -11.037245 0.961355 0.035260 -0.225557 0.153876
8.131171 -1.924035 -11.037285 0.954823 0.043732 -0.223786 0.190581
8.213113 -2.111021 -11.037362 0.946743 0.052287 -0.221773 0.227510
8.309776 -2.291097 -11.037642 0.937259 0.060992 -0.219324 0.264049
8.418548 -2.460542 -11.038170 0.926520 0.069365 -0.216625 0.299703
8.541887 -2.623484 -11.038985 0.914220 0.077665 -0.213565 0.335500
8.677377 -2.776469 -11.039951 0.900502 0.085989 -0.210263 0.370798
8.821756 -2.916483 -11.041089 0.885569 0.093975 -0.206971 0.405091
8.978757 -3.046863 -11.042480 0.869094 0.101842 -0.203097 0.439380
9.145266 -3.164765 -11.044115 0.851253 0.109362 -0.199034 0.473069
9.523062 -3.369993 -11.048475 0.809587 0.125179 -0.189080 0.541431
9.843752 -3.489173 -11.052952 0.772559 0.137317 -0.180450 0.593073
